Top 1 Individual = [7, 7, 90, 2455, 2668, 72, [6, 21, 14, 5, 10, 17, 19, 22, 9, 18, 23, 3, 20, 15, 11]], Fitness = 0.736842105263158
Top 2 Individual = [7, 7, 90, 2455, 2668, 72, [6, 21, 14, 5, 10, 17, 19, 22, 9, 18, 23, 3, 20, 15, 11]], Fitness = 0.736842105263158
Top 3 Individual = [7, 7, 90, 2455, 2668, 72, [6, 21, 14, 5, 10, 17, 19, 22, 9, 18, 23, 3, 20, 15, 11]], Fitness = 0.736842105263158
Top 4 Individual = [7, 7, 90, 2455, 2668, 72, [6, 21, 14, 5, 10, 17, 19, 22, 9, 18, 23, 3, 20, 15, 11]], Fitness = 0.736842105263158
Top 5 Individual = [7, 7, 90, 2455, 2668, 72, [6, 21, 14, 5, 10, 17, 19, 22, 9, 18, 23, 3, 20, 15, 11]], Fitness = 0.736842105263158
Top 6 Individual = [7, 7, 90, 2455, 2668, 72, [6, 21, 14, 5, 10, 17, 19, 22, 9, 18, 23, 3, 20, 15, 11]], Fitness = 0.736842105263158
Top 7 Individual = [7, 7, 90, 3456, 2668, 72, [6, 21, 14, 5, 10, 17, 19, 22, 9, 18, 23, 3, 20, 15, 11]], Fitness = 0.7307692307692308
Top 8 Individual = [7, 7, 90, 3456, 2668, 72, [6, 21, 14, 5, 10, 17, 19, 22, 9, 18, 23, 3, 20, 15, 11]], Fitness = 0.7307692307692308
Top 9 Individual = [7, 7, 90, 3456, 2668, 72, [6, 21, 14, 5, 10, 17, 19, 22, 9, 18, 23, 3, 20, 15, 11]], Fitness = 0.7307692307692308
Top 10 Individual = [7, 7, 90, 3456, 2668, 72, [6, 21, 14, 5, 10, 17, 19, 22, 9, 18, 23, 3, 20, 15, 11]], Fitness = 0.7307692307692308
